7
 9
 13
 17
 19
 21
 22
 23
 37
 42
 49
 53
 67
 68
 69
 80
 88
 111
 120
 123
 135
 136
 137
 138
 139
 158
 161
 162
 177
 192
 199
 389
 407
 427
 443
 445
 464
 497
 500
 514
 515
 517
 518
 520
 593
 623
 626
 631
 664
 683
 800
 989
 990
 996
 997
 998
 999
 1001
 1008
 1019
 1021
 1022
 1023
 1024
 1025
 1026
 1027
 1028
 1029
 1030
 1031
 1032
 1033
 1034
 1036
 1038
 1039
 1041
 1043
 1044
 1045
 1049
 1068
 1419
 1433
 1434
 1645
 1646
 1701
 1718
 1719
 1782
 1812
 1813
 1885
 1900
 2000
 2002
 2048
 2049
 2148
 2222
 2223
 2967
 3052
 3130
 3283
 3389
 3456
 3659
 3703
 4000
 4045
 4444
 4500
 4672
 5000
 5001
 5060
 5093
 5351
 5353
 5355
 5500
 5632
 6000
 6001
 6346
 7938
 9200
 9876
 10000
 10080
 11487
 16680
 17185
 19283
 19682
 20031
 22986
 27892
 30718
 31337
 32768
 32769
 32770
 32771
 32772
 32773
 32815
 33281
 33354
 34555
 34861
 34862
 37444
 39213
 41524
 44968
 49152
 49153
 49154
 49156
 49158
 49159
 49162
 49163
 49165
 49166
 49168
 49171
 49172
 49179
 49180
 49181
 49182
 49184
 49185
 49186
 49187
 49188
 49189
 49190
 49191
 49192
 49193
 49194
 49195
 49196
 49199
 49200
 49201
 49202
 49205
 49208
 49209
 49210
 49211
 58002
 65024
